/*A*/
	
00011000
00100100
00100100
01000010
01111110
10000001
10000001
10000001
	
/*B*/

11111000
10000100
10000100
11111000
10000100
10000100
10000100
11111000
	
/*C*/
	
01111000
10000100
10000000
10000000
10000000
10000000
10000100
01111000
	
/*EXPECTED RESULTS*/

/*A*/

10000000
00000000
00000000
00000000
00000000
00000000
00000000
00000000

/*B*/

01000000
00000000
00000000
00000000
00000000
00000000
00000000
00000000

/*C*/

00100000
00000000
00000000
00000000
00000000
00000000
00000000
00000000
